name: gentec_SDX1153
channels:
  - anaconda
  - conda-forge
  - defaults
dependencies:
  - bzip2=1.0.8=hcfcfb64_5
  - ca-certificates=2023.11.17=h56e8100_0
  - icu=58.2=vc14hc45fdbb_0
  - jpeg=9e=hcfcfb64_3
  - krb5=1.20.1=heb0366b_0
  - libclang=14.0.6=default_hb5a9fac_1
  - libclang13=14.0.6=default_h8e68704_1
  - libexpat=2.5.0=h63175ca_1
  - libffi=3.4.2=h8ffe710_5
  - libpng=1.6.42=h19919ed_0
  - libpq=12.17=h906ac69_0
  - libsqlite=3.44.2=hcfcfb64_0
  - libzlib=1.2.13=hcfcfb64_5
  - openssl=3.2.1=hcfcfb64_0
  - packaging=23.2=pyhd8ed1ab_0
  - pip=23.3.2=pyhd8ed1ab_0
  - ply=3.11=py_1
  - pyqt=5.15.10=py312hd77b12b_0
  - pyqt5-sip=12.13.0=py312h2bbff1b_0
  - pyserial=3.5=pyhd8ed1ab_0
  - python=3.12.1=h2628c8c_1_cpython
  - python_abi=3.12=4_cp312
  - qt-main=5.15.2=h879a1e9_9
  - setuptools=69.0.3=pyhd8ed1ab_0
  - sip=6.7.12=py312h53d5487_0
  - sqlite=3.44.2=hcfcfb64_0
  - tk=8.6.13=h5226925_1
  - tomli=2.0.1=pyhd8ed1ab_0
  - tzdata=2023d=h0c530f3_0
  - ucrt=10.0.22621.0=h57928b3_0
  - vc=14.3=hcf57466_18
  - vc14_runtime=14.38.33130=h82b7239_18
  - vs2015_runtime=14.38.33130=hcb4865c_18
  - wheel=0.42.0=pyhd8ed1ab_0
  - xz=5.2.6=h8d14728_0
  - zlib=1.2.13=hcfcfb64_5
  - zstd=1.5.5=h12be248_0
prefix: C:\Users\tlarason\miniconda3\envs\gentec_SDX1153
